image: sdzn_maze_tested_modified.pgm
resolution: 0.050000
origin: [-47.400000, -25.000000, 0.000000]
negate: 0
occupied_thresh: 0.65
free_thresh: 0.196

